header: 
  seq: 0
  stamp: 
    secs: 1701270610
    nsecs: 833060264
  frame_id: "base_link"
pose: 
  position: 
    x: 0.07981882871635501
    y: 0.35662899839977513
    z: 0.22347685348867674
  orientation: 
    x: -0.9994328225863902
    y: 0.022257728949595254
    z: 0.022144681365829432
    w: 0.01217537376073495



    header: 
  seq: 0
  stamp: 
    secs: 1701270610
    nsecs: 833060264
  frame_id: "base_link"
pose: 
  position: 
    x: 0.07981882871635501
    y: 0.35662899839977513
    z: 0.22347685348867674
  orientation: 
    x: -0.9994328225863902
    y: 0.022257728949595254
    z: 0.022144681365829432
    w: 0.01217537376073495